X =  [[  7.12731332  -4.4394424 ]
 [  6.68873898  -2.44840134]
 [ -1.1004791   -7.78436803]
 [  3.99337867  -4.90451269]
 [ -1.8171622   -9.22909875]
 [ -2.05521901 -10.23141199]
 [  4.20397723  -3.61164749]
 [ -0.21804625  -9.21962706]
 [  5.19327641  -6.38845134]
 [ -1.83682056  -8.21952131]
 [  7.54287406  -5.35284052]
 [  4.88954545  -3.38947816]
 [ -1.76558632  -9.34943001]
 [  5.22597752  -5.5503347 ]
 [  6.64886376  -4.46203664]
 [  8.09408178  -4.8068287 ]
 [  6.32916529  -5.32177094]
 [  5.80670214  -5.14475233]
 [  5.67381136  -3.33963413]
 [  7.20870152  -6.04176429]
 [ -3.25014567  -8.67304842]
 [ -1.22856371  -7.96317275]
 [ -3.29446134  -7.45269997]
 [ -1.81294631  -7.55640734]
 [ -1.53809058  -8.77828137]
 [ -3.78288052  -9.38303174]
 [ -2.73473836  -9.34777956]
 [  0.56085542  -8.37942864]
 [ -0.74123127  -7.87270877]
 [ -1.78948268  -8.62182811]
 [  6.50753753  -3.62561777]
 [  4.60302933  -4.27563422]
 [ -1.26561532  -8.61262708]
 [ -0.72123914  -8.45607028]
 [  3.83024448  -4.07271978]
 [ -3.34179681  -9.47382989]
 [  6.05297048  -6.08234237]
 [ -2.91411681  -9.03305688]
 [  3.86649969  -4.04019832]
 [  6.44492377  -4.43550613]
 [ -1.81467949 -10.05599013]
 [ -1.76772086  -9.42358002]
 [  2.74565323  -4.27040575]
 [  5.23730283  -4.11095128]
 [  6.34072331  -4.34259999]
 [ -2.30635421  -8.37456353]
 [ -3.09442079  -9.2409609 ]
 [  6.59620916  -4.32893984]
 [  7.24901124  -3.58913263]
 [ -2.03285195  -8.16158771]]





 y = [1 1 0 1 0 0 1 0 1 0 1 1 0 1 1 1 1 1 1 1 0 0 0 0 0 0 0 0 0 0 1 1 0 0 1 0 1 0 1 1 0 0 1 1 1 0 0 1 1 0]



 y = np.where(y == 0, -1, 1) = [ 1  1 -1  1 -1 -1  1 -1  1 -1  1  1 -1  1  1  1  1  1  1  1 -1 -1 -1 -1 -1 -1 -1 -1 -1 -1  1  1 -1 -1  1 -1  1 -1  1  1 -1 -1  1  1  1 -1 -1 1 1 -1]


y_ = [ 1  1 -1  1 -1 -1  1 -1  1 -1 1  1 -1  1  1  1  1  1  1  1 -1 -1 -1 -1 -1 -1 -1 -1 -1 -1  1  1 -1 -1  1 -1  1 -1  1  1 -1 -1  1  1  1 -1 -1 1 1 -1]



n_samples = 50
n_features = 2




self.w = [0. 0.]


